      MDL_RRD1X1 = 1.0
      MDL_RRD2X2 = 1.0
      MDL_RRD3X3 = 0.9387379
      MDL_RRD3X6 = 0.3446319
      MDL_RRD4X4 = 1.0
      MDL_RRD5X5 = 1.0
      MDL_RRD6X3 = -0.3446319
      MDL_RRD6X6 = 0.9387379
      MDL_ALP = -0.1138252
      MDL_RMUH = 357.681
      MDL_TB = 9.748624
      MDL_MA2 = 166439.1
      MDL_MB = 4.889917
      MDL_MT = 175.0
      MDL_MTA = 1.777
      MDL_MZ = 91.1876
      MDL_MW = 79.82901
      MDL_MH01 = 110.8991
      MDL_MH02 = 399.9601
      MDL_MA0 = 399.5839
      MDL_MH = 407.879
      MDL_MSD1 = 568.4411
      MDL_MSU1 = 561.119
      MDL_MSD3 = 513.0652
      MDL_MSU3 = 399.6685
      MDL_MSL1 = 202.9157
      MDL_MSN1 = 185.2583
      MDL_MSL3 = 134.4909
      MDL_MSN3 = 184.7085
      MDL_MGO = 607.7137
      MDL_MNEU1 = 96.68807
      MDL_MNEU2 = 181.0882
      MDL_MCH1 = 181.6965
      MDL_MNEU3 = -363.756
      MDL_MNEU4 = 381.7294
      MDL_MCH2 = 379.9393
      MDL_MSD4 = 545.2285
      MDL_MSU4 = 549.2593
      MDL_MSD6 = 543.7267
      MDL_MSU6 = 585.7858
      MDL_MSL4 = 144.1028
      MDL_MSL6 = 206.8678
      MDL_RMD21X1 = 273684.7
      MDL_RMD23X3 = 270262.0
      MDL_RME21X1 = 18630.64
      MDL_RME23X3 = 17967.63
      MDL_RML21X1 = 38155.68
      MDL_RML23X3 = 37828.69
      MDL_RMX1 = 101.3965
      MDL_RMX2 = 191.5042
      MDL_RMX3 = 588.263
      MDL_MHD2 = 32337.49
      MDL_MHU2 = -128800.1
      MDL_RMQ21X1 = 299836.7
      MDL_RMQ23X3 = 248765.4
      MDL_RMU21X1 = 280382.1
      MDL_RMU23X3 = 179137.1
      MDL_RNN1X1 = 0.9863644
      MDL_RNN1X2 = -0.05311036
      MDL_RNN1X3 = 0.146434
      MDL_RNN1X4 = -0.05311861
      MDL_RNN2X1 = 0.09935054
      MDL_RNN2X2 = 0.9449493
      MDL_RNN2X3 = -0.2698467
      MDL_RNN2X4 = 0.1561507
      MDL_RNN3X1 = -0.0603388
      MDL_RNN3X2 = 0.08770049
      MDL_RNN3X3 = 0.6958775
      MDL_RNN3X4 = 0.710227
      MDL_RNN4X1 = -0.1165071
      MDL_RNN4X2 = 0.310739
      MDL_RNN4X3 = 0.649226
      MDL_RNN4X4 = -0.6843778
      MDL_RRL1X1 = 1.0
      MDL_RRL2X2 = 1.0
      MDL_RRL3X3 = 0.2824872
      MDL_RRL3X6 = 0.9592711
      MDL_RRL4X4 = 1.0
      MDL_RRL5X5 = 1.0
      MDL_RRL6X3 = 0.9592711
      MDL_RRL6X6 = -0.2824872
      AEWM1 = 127.934
      AS = 0.118
      MDL_RRN1X1 = 1.0
      MDL_RRN2X2 = 1.0
      MDL_RRN3X3 = 1.0
      MDL_RTD3X3 = -110.6937
      MDL_RTE3X3 = -25.40197
      MDL_RTU3X3 = -444.7525
      MDL_RUU1X1 = 0.9168349
      MDL_RUU1X2 = -0.3992666
      MDL_RUU2X1 = 0.3992666
      MDL_RUU2X2 = 0.9168349
      MDL_RMNS1X1 = 1.0
      MDL_RMNS2X2 = 1.0
      MDL_RMNS3X3 = 1.0
      MDL_RRU1X1 = 1.0
      MDL_RRU2X2 = 1.0
      MDL_RRU3X3 = 0.553645
      MDL_RRU3X6 = 0.8327528
      MDL_RRU4X4 = 1.0
      MDL_RRU5X5 = 1.0
      MDL_RRU6X3 = 0.8327528
      MDL_RRU6X6 = -0.553645
      MDL_RCKM1X1 = 1.0
      MDL_RCKM2X2 = 1.0
      MDL_RCKM3X3 = 1.0
      MDL_RVV1X1 = 0.9725578
      MDL_RVV1X2 = -0.2326612
      MDL_RVV2X1 = 0.2326612
      MDL_RVV2X2 = 0.9725578
      MDL_RYD3X3 = 0.1388402
      MDL_RYE3X3 = 0.1008908
      MDL_RYU3X3 = 0.8928445
      MDL_WT = 1.56195
      MDL_WZ = 2.411433
      MDL_WW = 2.002822
      MDL_WH01 = 0.001986108
      MDL_WH02 = 0.5748014
      MDL_WA0 = 0.6321785
      MDL_WH = 0.5469628
      MDL_WSD1 = 5.312788
      MDL_WSU1 = 5.477195
      MDL_WSD2 = 5.312788
      MDL_WSU2 = 5.477195
      MDL_WSD3 = 3.736276
      MDL_WSU3 = 2.021596
      MDL_WSL1 = 0.2136822
      MDL_WSN1 = 0.1498816
      MDL_WSL2 = 0.2136822
      MDL_WSN2 = 0.1498816
      MDL_WSL3 = 0.1483273
      MDL_WSN3 = 0.147519
      MDL_WGO = 5.506754
      MDL_WNEU2 = 0.020777
      MDL_WCH1 = 0.01704145
      MDL_WNEU3 = 1.915985
      MDL_WNEU4 = 2.585851
      MDL_WCH2 = 2.486895
      MDL_WSD4 = 0.2858123
      MDL_WSU4 = 1.152973
      MDL_WSD5 = 0.2858123
      MDL_WSU5 = 1.152973
      MDL_WSD6 = 0.8015663
      MDL_WSU6 = 7.373133
      MDL_WSL4 = 0.2161216
      MDL_WSL5 = 0.2161216
      MDL_WSL6 = 0.2699061
